"Datum","Photovoltaik","Wind","Sonstige Erneuerbare","Biomasse","Sonstige Konventionelle","Steinkohle","Braunkohle","Kernenergie","Erdgas"
2022-01-01,0.96,16.42,0.99,3.41,1.9,6.81,8.87,2.99,5.5
2023-01-01,0.83,17.6,0.99,3.58,2.07,6.03,8.09,1.75,3.84
2022-02-01,2.38,19.96,0.76,3.08,1.71,4.88,6.54,2.76,3.69
2023-02-01,2.52,11.21,0.84,3.28,1.61,6.14,8.2,1.88,5.25
2022-03-01,5.34,8.63,0.82,3.41,2.02,7.11,9.26,3.03,4.95
2023-03-01,3.64,14.99,0.96,3.45,2.05,3.98,7.06,2.17,4.62
2022-04-01,5.72,10.72,0.91,3.3,1.68,4.08,8.35,2.9,3.31
2023-04-01,5.56,9.52,1.03,3.15,1.94,2.9,6.77,0.9,3.59
2022-05-01,7.41,7.99,1.3,3.41,1.68,3.24,8.3,2.19,2.21
2023-05-01,7.95,8.49,1.55,3.14,1.97,1.6,5.16,0,3.56
2022-06-01,7.6,5.72,1.27,3.08,1.73,3.68,8.98,2.15,2.05
2023-06-01,8.61,6.21,1.43,3,1.61,1.63,5.54,0,4
2022-07-01,7.98,7.12,1.16,3.13,1.92,4.34,8.82,2.94,3.96
2023-07-01,7.59,10.21,1.35,3.07,1.67,1.54,4.59,0,3.73
2022-08-01,7.31,4.52,1.1,3.11,1.63,5.69,8.92,2.98,2.23
2023-08-01,6.49,6.61,1.4,3.1,1.8,2.29,5.56,0,4.04
2022-09-01,4.64,8.62,1.09,3.16,1.75,5.97,8.58,2.99,1.89
2023-09-01,6.61,6.64,1.27,3.06,1.86,2.52,6.32,0,3.52
2022-10-01,3.57,10.87,1.16,3.27,1.92,3.73,8.73,2.7,2.16
2023-10-01,NA,NA,NA,NA,NA,NA,NA,NA,NA
2022-11-01,1.67,12.32,0.91,3.3,2.01,6.31,9.39,2.84,2.47
2023-11-01,NA,NA,NA,NA,NA,NA,NA,NA,NA
2021-12-31,0.03,0.53,0.04,0.11,0.06,0.07,0.12,0.08,0.07
2022-12-01,0.69,12.49,0.95,3.44,2.1,7,8.62,2.72,3.69
2023-12-01,NA,NA,NA,NA,NA,NA,NA,NA,NA
