"","Datum","Jahr","Monat","Photovoltaik","Wind","Sonstige Erneuerbare","Biomasse","Sonstige Konventionelle","Steinkohle","Braunkohle","Kernenergie","Erdgas","Summe","Erneuerbar","Konventionell"
"1",2022-01-01,2022,1,0.96,16.42,0.99,3.41,1.9,6.81,8.87,2.99,5.5,48.85,21.78,26.07
"2",2023-01-01,2023,1,0.83,17.6,0.99,3.58,2.07,6.03,8.09,1.75,3.84,45.78,23,21.78
"3",2022-02-01,2022,2,2.38,19.96,0.76,3.08,1.71,4.88,6.54,2.76,3.69,47.76,26.18,19.58
"4",2023-02-01,2023,2,2.52,11.21,0.84,3.28,1.61,6.14,8.2,1.88,5.25,42.93,17.85,23.08
"5",2022-03-01,2022,3,5.34,8.63,0.82,3.41,2.02,7.11,9.26,3.03,4.95,47.57,18.2,26.37
"6",2023-03-01,2023,3,3.64,14.99,0.96,3.45,2.05,3.98,7.06,2.17,4.62,45.92,23.04,19.88
"7",2022-04-01,2022,4,5.72,10.72,0.91,3.3,1.68,4.08,8.35,2.9,3.31,44.97,20.65,20.32
"8",2023-04-01,2023,4,5.56,9.52,1.03,3.15,1.94,2.9,6.77,0.9,3.59,39.36,19.26,16.1
"9",2022-05-01,2022,5,7.41,7.99,1.3,3.41,1.68,3.24,8.3,2.19,2.21,42.73,20.11,17.62
"10",2023-05-01,2023,5,7.95,8.49,1.55,3.14,1.97,1.6,5.16,0,3.56,38.42,21.13,12.29
"11",2022-06-01,2022,6,7.6,5.72,1.27,3.08,1.73,3.68,8.98,2.15,2.05,42.26,17.67,18.59
"12",2023-06-01,2023,6,8.61,6.21,1.43,3,1.61,1.63,5.54,0,4,38.03,19.25,12.78
"13",2022-07-01,2022,7,7.98,7.12,1.16,3.13,1.92,4.34,8.82,2.94,3.96,48.37,19.39,21.98
"14",2023-07-01,2023,7,7.59,10.21,1.35,3.07,1.67,1.54,4.59,0,3.73,40.75,22.22,11.53
"15",2022-08-01,2022,8,7.31,4.52,1.1,3.11,1.63,5.69,8.92,2.98,2.23,45.49,16.04,21.45
"16",2023-08-01,2023,8,6.49,6.61,1.4,3.1,1.8,2.29,5.56,0,4.04,39.29,17.6,13.69
"17",2022-09-01,2022,9,4.64,8.62,1.09,3.16,1.75,5.97,8.58,2.99,1.89,47.69,17.51,21.18
"18",2023-09-01,2023,9,6.61,6.64,1.27,3.06,1.86,2.52,6.32,0,3.52,40.8,17.58,14.22
"19",2022-10-01,2022,10,3.57,10.87,1.16,3.27,1.92,3.73,8.73,2.7,2.16,48.11,18.87,19.24
"20",2023-10-01,2023,10,NA,NA,NA,NA,NA,NA,NA,NA,NA,NA,NA,NA
"21",2022-11-01,2022,11,1.67,12.32,0.91,3.3,2.01,6.31,9.39,2.84,2.47,52.22,18.2,23.02
"22",2023-11-01,2023,11,NA,NA,NA,NA,NA,NA,NA,NA,NA,NA,NA,NA
"23",2021-12-31,2021,12,0.03,0.53,0.04,0.11,0.06,0.07,0.12,0.08,0.07,13.11,0.71,0.4
"24",2022-12-01,2022,12,0.69,12.49,0.95,3.44,2.1,7,8.62,2.72,3.69,53.7,17.57,24.13
"25",2023-12-01,2023,12,NA,NA,NA,NA,NA,NA,NA,NA,NA,NA,NA,NA
